0.141381703
0.133716286
0.140003974
0.800840817
0.303236322
0.183706234
0.725980112
0.058149378
0.095217315
0.553634067
0.505671438
0.05825515
1.316855716
0.387570742
2.513188493
1.163093654
0.496795686
0.030546883
0.335222234
0.363369738
0.086444842
0.052135248
1.297026226
0.200647221
0.115364561
0.078300654
0.899183384
0.061245289
0.429829812
0.127408954
0.022581161
0.052294266
0.84395751
0.999748277
0.618990393
0.123122413
0.188933502
1.355959075
0.786181836
0.176553476
0.354495408
2.80809655
1.109433169
1.047101291
0.065156199
0.570515054
1.08568542
1.647990401
2.565529693
0.518745108
0.10775385
0.177740666
0.153372011
0.05787644
1.813673666
3.703895074
0.256483385
1.214083358
0.016011326
0.812019557
0.111947664
0.156338624
0.72043424
0.357925728
0.67407271
1.755214421
0.404562836
0.373199958
0.014780425
0.039578178
0.054266102
2.557975762
0.751134527
2.282771485
1.356565093
1.592909789
0.635412045
1.23067589
0.585695368
0.043857627
2.009094673
0.600976848
0.039709092
0.039228929
2.665343922
0.223633238
2.887241814
1.440757818
0.165484133
0.058054811
0.15705887
0.095131998
0.250305248
0.685032533
0.038411956
0.14456515
0.12756754
0.399686758
0.983637508
0.118482347
0.882831184
0.286400165
0.172825906
1.241559043
0.02956222
0.077309611
1.605224506
1.116995633
0.8380799
1.163620694
1.093605526
0.179659294
0.039058561
0.036912123
1.205951614
1.79100057
0.201660859
0.248088961
0.090839753
0.607123776
0.055842345
0.211050784
0.342897938
0.000002762
0.330346424
0.601863821
1.953533826
2.322580122
2.355719893
0.066902503
0.096273746
0.430977451
0.284819874
0.721975598
1.21712071
0.109276132
0.276259178
0.054225632
2.559529074
0.681583126
2.594040133
0.081102253
0.011956641
1.687664027
0.011599388
0.611700552
1.133865788
1.089402494
0.411747614
0.255932395
0.031873544
0.095053634
1.279434863
0.233801632
1.481349984
0.142095275
0.618885532
2.011464183
1.167330737
0.929964809
0.436027885
0.657723613
2.71392235
0.621660989
1.591223784
0.950906471
1.593270737
1.41008883
1.235005533
1.661187319
1.374581173
0.094186466
1.788326445
1.840364617
0.143573775
0.684675814
1.113838873
1.26733335
0.726307468
3.56254389
1.13109094
0.307370144
1.271293243
0.265882712
0.841749534
0.047956378
0.80639707
2.132335812
1.641426668
2.135158446
0.367316268
0.350381515
1.264310836
0.030343206
0.405136812
1.145727611
0.540654286
0.057312735
0.397582059
1.479115056
0.086773632
0.133753727
0.123124076
0.463564958
0.06453304
0.065496046
0.068616963
0.16146099
0.070106975
0.113509496
0.089933133
0.071007139
0.043522589
0.232896922
0.037126685
0.195576623
0.532336353
0.538115192
0.046142772
0.401036314
0.127026613
0.34503171
0.288101651
0.060350538
0.335074782
0.076767396
0.046065667
0.459276435
0.039666245
0.138517666
0.822633917
0.595900742
0.051985779
0.057945987
0.11501004
0.175097833
0.057089066
0.488386797
0.032761689
1.047480053
0.153454328
0.217672943
0.457184829
0.939844851
0.726434358
0.57363302
1.406111294
0.071573339
0.024975653
0.145458418
1.424589568
0.231332117
0.415932686
0.988515741
0.050847624
0.039893489
0.092035115
0.118810253
0.077233241
0.206399629
0.117747907
0.266624541
0.293186992
0.139681964
0.123132751
0.103762518
0.162887075
0.091221625
0.190490915
0.096180277
0.185240616
0.885093467
0.104992946
0.147290338
1.302184087
0.158950978
0.076910644
0.13712388
0.782369383
0.502574952
0.207033255
0.404887295
0.381161027
0.466231982
0.357580552
0.061105704
0.198275403
0.168448603
0.705469769
0.034502215
0.48217524
0.3041186
1.449799467
0.173627354
0.090025258
0.652704649
1.829992958
0.655466831
0.146409671
0.095816024
0.117206995
0.100409613
0.08075835
0.325592432
0.058473276
0.052722996
0.191945597
0.077377503
0.743693613
0.267789608
1.221813483
0.449701773
0.06707041
0.116334601
0.433356509
0.165584767
0.367814306
0.477033549
0.1562147
0.448843705
1.357608774
0.294352144
0.972164968
0.920045682
2.420461338
1.947371785
0.244658767
0.068216992
0.223582566
0.471819764
0.272377463
1.361425037
0.149778242
0.11659979
0.148469433
0.497225336
0.088791109
0.12591728
0.105062254
0.095623148
0.1445848
0.298063749
0.166570053
0.083021468
0.139836056
0.303216294
0.221409663
0.058890931
0.081419389
0.156777415
0.284908316
0.09343891
0.363472647
0.372476382
0.380726517
0.056533272
0.175399345
0.203221468
1.624165576
0.134294498
0.070069745
0.609293408
0.671365962
0.362361576
0.093587665
1.223481149
1.02225823
0.26345331
1.435127549
0.236857112
0.147538971
0.69808614
0.723894473
0.034450974
0.40309745
0.309483971
0.319566866
0.909001996
1.061966512
0.032526947
0.124988687
0.103787664
0.13425579
0.301051721
0.156338624
0.152850295
0.309653982
0.29732896
0.332506354
0.480507035
1.065580332
0.122763672
0.445763624
0.001365184
0.184308753
0.789753877
0.323358833
0.606361689
0.120972253
0.338564981
1.606986953
1.301799902
0.140187018
1.897517891
0.107642809
0.551305895
0.55658527
2.303033973
0.646886885
0.222612678
1.814349763
0.872137015
0.571386359
0.304079786
0.174006928
0.284785823
0.163284
0.246390068
0.482257456
0.168684524
0.078489819
0.195516622
1.260594497
0.42868568
1.024858327
0.838586769
0.199386237
0.972509632
0.21343858
1.555511105
0.210038833
0.227918678
0.826623384
1.802514301
1.329090101
0.181831132
0.462791599
0.348647203
0.366599607
0.090598517
1.479264469
1.449779435
1.159176109
0.76921352
0.741301563
0.807561936
0.834129063
0.663832097
0.446390129
0.690104769
0.485285717
0.520034544
0.476244795
0.629173063
0.404664135
0.098709329
0.110849052
0.460492795
0.094005786
0.395591396
0.389771964
0.403939487
0.481697415
0.11007325
0.088092256
0.351636786
0.473248298
0.073981293
0.155653938
0.395591396
0.429504768
0.242767149
0.065362788
0.067540165
0.062019074
0.135723538
0.295998468
0.261116938
0.136689549
0.135611421
0.356709897
0.110649992
0.301869854
0.127027715
0.057144458
0.056870689
0.323437194
0.317726339
0.116144341
0.328207708
0.608228647
0.180577478
0.809306935
0.049262961
0.614555082
0.245350949
0.178660459
0.051641685
0.078139948
0.322336177
1.007612429
0.326792833
0.391251368
0.34958559
0.339659802
0.674772936
0.432719968
1.309887447
0.119238316
0.116903579
0.888046992
0.200660871
0.130655803
1.887039593
0.088103848
0.101114984
1.575467011
0.091656026
1.042568408
1.735441776
0.726837877
0.053933526
0.267758538
0.074601456
0.920797189
0.539595276
1.367810478
0.578207856
0.775542072
0.863625566
0.656013912
1.056760045
0.611994237
1.230855859
0.58298138
1.858144199
0.240684449
0.583687007
0.063803529
0.466214729
0.23694048
0.041924466
0.225259194
0.393230256
0.287201015
0.599770206
0.342779426
0.673801126
1.168642797
0.540539717
0.383550148
0.530511203
0.037307967
0.510876816
1.445941661
1.763363713
0.374191487
0.10880909
0.436695353
0.421040617
0.501541661
0.354065229
1.143647827
0.311395144
0.67265625
1.256880657
1.692897992
0.245095641
0.686734357
0.261414174
0.610045621
1.115880852
0.594482982
0.566954746
0.37470694
0.184937148
0.031959571
0.167076418
0.824420218
0.363467642
1.127468248
0.060680939
0.247737946
1.699402402
0.154797871
0.198883004
0.124407432
0.850608354
0.37633303
0.516784627
1.608045237
0.506778838
1.472799873
0.513643924
0.261286503
0.783706581
0.422691058
1.062345656
1.252563873
0.851070493
0.263894529
0.345903614
0.951637566
0.956865266
0.427486004
0.156658366
0.624515457
0.777765388
0.412795151
1.13847411
0.355219175
0.290228626
1.062956628
1.180094974
1.456081449
0.432702334
0.489945871
0.465959382
1.223481149
2.864791672
2.288695111
0.720825549
2.086124197
1.690192927
0.991336132
0.593917618
0.200972675
0.071014967
0.56022275
1.806617704
0.077337771
0.528544703
0.865640097
2.159346687
0.211372494
0.651732901
0.608334048
0.863756573
0.797402345
1.69571202
1.759567999
0.223319934
0.054937991
0.226897599
0.258316038
0.59615209
0.177129919
0.716591492
1.210599487
0.24637669
0.496311364
0.146789379
0.843309044
0.500340342
0.107255472
0.135079152
0.822239726
1.202722675
0.343197054
0.240769997
0.42620483
0.421135627
0.55487573
0.467727006
0.327498031
0.185408548
0.245400167
0.579395142
0.675039469
0.252871192
0.231996128
1.929770265
0.918915401
1.180896317
0.498960285
0.6850718
0.258714692
0.143139338
0.209768491
0.064714573
0.05074662
0.154119539
0.181328253
0.370068639
2.280566092
0.563902868
0.317622165
0.291709698
0.20368027
0.081350745
0.282883169
0.064787943
2.484812918
0.461437791
1.439191367
0.759208783
0.368646862
0.299634472
0.756907987
0.682475162
0.546191065
0.22947331
0.202677468
0.121913181
0.208166039
0.527033089
0.094616487
0.394030335
0.193443895
0.299648208
0.182978249
0.319757142
0.109091573
0.153240879
0.34612784
0.312622938
2.197010679
1.200808494
0.797196073
1.970673297
0.665765558
0.26377903
0.339473453
2.204080728
2.591224264
0.135444283
1.457139296
0.236872197
0.694525298
0.240661097
0.421365166
0.349746291
0.255120451
0.190981339
0.924193303
0.305771063
0.273005485
0.089566512
0.677389855
0.075476209
0.408843328
0.187772591
0.178512385
0.101780047
0.118381354
0.14636313
0.126443991
0.157990698
0.176290831
1.023187129
0.106933107
0.139193812
0.21223499
1.714490998
0.197643795
0.807015863
0.933815613
0.49971059
0.120847157
0.053909146
2.236667932
2.123309722
0.301242089
0.723894473
0.237351106
0.46155854
0.417230415
0.156898322
0.12730918
0.313113297
0.173702135
0.271666301
0.305650299
0.123216717
0.479655659
0.126191104
0.344055883
0.338422004
0.068895644
0.08617689
0.403231558
0.319546754
0.061739839
0.283359161
0.076831876
0.283332261
0.307752576
0.27973794
0.21235189
1.304313953
0.150500965
0.246127838
0.582863434
0.058687425
0.212109195
0.382199619
0.041210087
0.231657891
0.053729194
0.244741137
0.042485571
0.037778188
0.254218729
0.053603447
0.160035717
0.164163229
0.037091576
0.284249832
0.033381454
0.184622518
0.300983101
0.121077868
0.10691968
0.136996305
0.06571993
0.229497852
0.185550869
0.054682594
0.240580042
1.284942608
0.071423324
0.244891912
0.132171975
0.184706613
0.184826429
0.302006641
0.330881149
0.334733572
0.366214458
0.114546317
0.290833204
0.448500832
0.136676504
0.190625045
0.07909527
0.273194684
0.333146475
0.194902696
0.311482393
0.195918494
0.248511839
0.233671263
0.199587884
0.091781263
0.383835984
0.236060709
0.189236868
0.160845341
0.588955257
0.238350348
0.187703102
0.295307001
0.138334433
0.445590495
0.286739476
1.122364376
0.15713697
0.137070925
0.183273246
0.18480763
0.164856284
0.704171068
0.354614964
0.279717388
0.195628667
0.221752937
0.26328037
0.213505179
0.130419412
0.155795783
1.553497987
0.293466523
0.711366595
0.191448892
0.085924992
0.176103902
0.121189256
0.131746175
0.244790012
0.129314708
0.331511413
0.219196651
0.170732845
0.273914335
0.17906144
0.185236961
0.171788484
0.387080183
0.26471748
0.244928911
0.097610446
0.287278853
0.887906111
0.12347312
0.295152154
0.323455692
0.240918092
0.191873381
0.284216603
0.239411309
0.265548837
0.703301727
0.244585109
0.189476119
0.277132266
0.278920007
0.222410722
0.185392587
0.20245286
1.608164312
0.624101957
0.148461629
0.047093942
0.380319238
0.209106362
0.053987404
0.115331792
0.225093344
0.084697729
0.159240673
0.170709584
0.154356956
0.723043854
0.247689123
0.176474912
0.235549288
0.140430339
0.085559365
0.146223492
0.187701588
0.154863153
0.191333656
0.25365085
0.223064273
0.170413877
0.218320587
0.141720999
0.187339835
0.198365537
0.18610431
0.177503916
0.071095708
0.112436403
0.203436468
0.093367537
0.106249219
0.18138259
0.091473363
0.12187187
0.073513683
0.133895612
0.096007391